Solution:
12 13 14 15 16 1007 1008 1009 1010 1011 


Imprecise solution:
12.0000000000000994759830 12.9999999999999680255769 13.9999999999999928945726 14.9999999999999751310042 16.0000000000000532907052 1007.0000000000006821210263 1007.9999999999981810105965 1008.9999999999979536369210 1010.0000000000010231815395 1011.0000000000028421709430 

Time: 3.8593622999999999123588 seconds

Relative error: 0.0000000000000012174521


12.0000000000000408562073 12.9999999999998898658760 13.9999999999999644728632 14.9999999999999236166559 15.9999999999999911182158 1006.9999999999974988895701 1007.9999999999964757080306 1008.9999999999965893948684 1010.0000000000021600499167 1011.0000000000045474735089 

Time: 6.4418481999999999132456 seconds

Relative error: 0.0000000000000014732579
